version https://git-lfs.github.com/spec/v1
oid sha256:003d4635d9ecbff7df354ee4115005f5848c82c77e08c6740dd9d9804e6bc187
size 8369604
